1
512
((128,128,128)(159,159,159))
((128,128,160)(159,159,191))
((128,128,192)(159,159,223))
((128,128,224)(159,159,255))
((128,128,256)(159,159,287))
((128,128,288)(159,159,319))
((128,128,320)(159,159,351))
((128,128,352)(159,159,383))
((160,128,128)(191,159,159))
((160,128,160)(191,159,191))
((160,128,192)(191,159,223))
((160,128,224)(191,159,255))
((160,128,256)(191,159,287))
((160,128,288)(191,159,319))
((160,128,320)(191,159,351))
((160,128,352)(191,159,383))
((192,128,128)(223,159,159))
((192,128,160)(223,159,191))
((192,128,192)(223,159,223))
((192,128,224)(223,159,255))
((192,128,256)(223,159,287))
((192,128,288)(223,159,319))
((192,128,320)(223,159,351))
((192,128,352)(223,159,383))
((224,128,128)(255,159,159))
((224,128,160)(255,159,191))
((224,128,192)(255,159,223))
((224,128,224)(255,159,255))
((224,128,256)(255,159,287))
((224,128,288)(255,159,319))
((224,128,320)(255,159,351))
((224,128,352)(255,159,383))
((256,128,128)(287,159,159))
((256,128,160)(287,159,191))
((256,128,192)(287,159,223))
((256,128,224)(287,159,255))
((256,128,256)(287,159,287))
((256,128,288)(287,159,319))
((256,128,320)(287,159,351))
((256,128,352)(287,159,383))
((288,128,128)(319,159,159))
((288,128,160)(319,159,191))
((288,128,192)(319,159,223))
((288,128,224)(319,159,255))
((288,128,256)(319,159,287))
((288,128,288)(319,159,319))
((288,128,320)(319,159,351))
((288,128,352)(319,159,383))
((320,128,128)(351,159,159))
((320,128,160)(351,159,191))
((320,128,192)(351,159,223))
((320,128,224)(351,159,255))
((320,128,256)(351,159,287))
((320,128,288)(351,159,319))
((320,128,320)(351,159,351))
((320,128,352)(351,159,383))
((352,128,128)(383,159,159))
((352,128,160)(383,159,191))
((352,128,192)(383,159,223))
((352,128,224)(383,159,255))
((352,128,256)(383,159,287))
((352,128,288)(383,159,319))
((352,128,320)(383,159,351))
((352,128,352)(383,159,383))
((128,160,128)(159,191,159))
((128,160,160)(159,191,191))
((128,160,192)(159,191,223))
((128,160,224)(159,191,255))
((128,160,256)(159,191,287))
((128,160,288)(159,191,319))
((128,160,320)(159,191,351))
((128,160,352)(159,191,383))
((160,160,128)(191,191,159))
((160,160,160)(191,191,191))
((160,160,192)(191,191,223))
((160,160,224)(191,191,255))
((160,160,256)(191,191,287))
((160,160,288)(191,191,319))
((160,160,320)(191,191,351))
((160,160,352)(191,191,383))
((192,160,128)(223,191,159))
((192,160,160)(223,191,191))
((192,160,192)(223,191,223))
((192,160,224)(223,191,255))
((192,160,256)(223,191,287))
((192,160,288)(223,191,319))
((192,160,320)(223,191,351))
((192,160,352)(223,191,383))
((224,160,128)(255,191,159))
((224,160,160)(255,191,191))
((224,160,192)(255,191,223))
((224,160,224)(255,191,255))
((224,160,256)(255,191,287))
((224,160,288)(255,191,319))
((224,160,320)(255,191,351))
((224,160,352)(255,191,383))
((256,160,128)(287,191,159))
((256,160,160)(287,191,191))
((256,160,192)(287,191,223))
((256,160,224)(287,191,255))
((256,160,256)(287,191,287))
((256,160,288)(287,191,319))
((256,160,320)(287,191,351))
((256,160,352)(287,191,383))
((288,160,128)(319,191,159))
((288,160,160)(319,191,191))
((288,160,192)(319,191,223))
((288,160,224)(319,191,255))
((288,160,256)(319,191,287))
((288,160,288)(319,191,319))
((288,160,320)(319,191,351))
((288,160,352)(319,191,383))
((320,160,128)(351,191,159))
((320,160,160)(351,191,191))
((320,160,192)(351,191,223))
((320,160,224)(351,191,255))
((320,160,256)(351,191,287))
((320,160,288)(351,191,319))
((320,160,320)(351,191,351))
((320,160,352)(351,191,383))
((352,160,128)(383,191,159))
((352,160,160)(383,191,191))
((352,160,192)(383,191,223))
((352,160,224)(383,191,255))
((352,160,256)(383,191,287))
((352,160,288)(383,191,319))
((352,160,320)(383,191,351))
((352,160,352)(383,191,383))
((128,192,128)(159,223,159))
((128,192,160)(159,223,191))
((128,192,192)(159,223,223))
((128,192,224)(159,223,255))
((128,192,256)(159,223,287))
((128,192,288)(159,223,319))
((128,192,320)(159,223,351))
((128,192,352)(159,223,383))
((160,192,128)(191,223,159))
((160,192,160)(191,223,191))
((160,192,192)(191,223,223))
((160,192,224)(191,223,255))
((160,192,256)(191,223,287))
((160,192,288)(191,223,319))
((160,192,320)(191,223,351))
((160,192,352)(191,223,383))
((192,192,128)(223,223,159))
((192,192,160)(223,223,191))
((192,192,192)(223,223,223))
((192,192,224)(223,223,255))
((192,192,256)(223,223,287))
((192,192,288)(223,223,319))
((192,192,320)(223,223,351))
((192,192,352)(223,223,383))
((224,192,128)(255,223,159))
((224,192,160)(255,223,191))
((224,192,192)(255,223,223))
((224,192,224)(255,223,255))
((224,192,256)(255,223,287))
((224,192,288)(255,223,319))
((224,192,320)(255,223,351))
((224,192,352)(255,223,383))
((256,192,128)(287,223,159))
((256,192,160)(287,223,191))
((256,192,192)(287,223,223))
((256,192,224)(287,223,255))
((256,192,256)(287,223,287))
((256,192,288)(287,223,319))
((256,192,320)(287,223,351))
((256,192,352)(287,223,383))
((288,192,128)(319,223,159))
((288,192,160)(319,223,191))
((288,192,192)(319,223,223))
((288,192,224)(319,223,255))
((288,192,256)(319,223,287))
((288,192,288)(319,223,319))
((288,192,320)(319,223,351))
((288,192,352)(319,223,383))
((320,192,128)(351,223,159))
((320,192,160)(351,223,191))
((320,192,192)(351,223,223))
((320,192,224)(351,223,255))
((320,192,256)(351,223,287))
((320,192,288)(351,223,319))
((320,192,320)(351,223,351))
((320,192,352)(351,223,383))
((352,192,128)(383,223,159))
((352,192,160)(383,223,191))
((352,192,192)(383,223,223))
((352,192,224)(383,223,255))
((352,192,256)(383,223,287))
((352,192,288)(383,223,319))
((352,192,320)(383,223,351))
((352,192,352)(383,223,383))
((128,224,128)(159,255,159))
((128,224,160)(159,255,191))
((128,224,192)(159,255,223))
((128,224,224)(159,255,255))
((128,224,256)(159,255,287))
((128,224,288)(159,255,319))
((128,224,320)(159,255,351))
((128,224,352)(159,255,383))
((160,224,128)(191,255,159))
((160,224,160)(191,255,191))
((160,224,192)(191,255,223))
((160,224,224)(191,255,255))
((160,224,256)(191,255,287))
((160,224,288)(191,255,319))
((160,224,320)(191,255,351))
((160,224,352)(191,255,383))
((192,224,128)(223,255,159))
((192,224,160)(223,255,191))
((192,224,192)(223,255,223))
((192,224,224)(223,255,255))
((192,224,256)(223,255,287))
((192,224,288)(223,255,319))
((192,224,320)(223,255,351))
((192,224,352)(223,255,383))
((224,224,128)(255,255,159))
((224,224,160)(255,255,191))
((224,224,192)(255,255,223))
((224,224,224)(255,255,255))
((224,224,256)(255,255,287))
((224,224,288)(255,255,319))
((224,224,320)(255,255,351))
((224,224,352)(255,255,383))
((256,224,128)(287,255,159))
((256,224,160)(287,255,191))
((256,224,192)(287,255,223))
((256,224,224)(287,255,255))
((256,224,256)(287,255,287))
((256,224,288)(287,255,319))
((256,224,320)(287,255,351))
((256,224,352)(287,255,383))
((288,224,128)(319,255,159))
((288,224,160)(319,255,191))
((288,224,192)(319,255,223))
((288,224,224)(319,255,255))
((288,224,256)(319,255,287))
((288,224,288)(319,255,319))
((288,224,320)(319,255,351))
((288,224,352)(319,255,383))
((320,224,128)(351,255,159))
((320,224,160)(351,255,191))
((320,224,192)(351,255,223))
((320,224,224)(351,255,255))
((320,224,256)(351,255,287))
((320,224,288)(351,255,319))
((320,224,320)(351,255,351))
((320,224,352)(351,255,383))
((352,224,128)(383,255,159))
((352,224,160)(383,255,191))
((352,224,192)(383,255,223))
((352,224,224)(383,255,255))
((352,224,256)(383,255,287))
((352,224,288)(383,255,319))
((352,224,320)(383,255,351))
((352,224,352)(383,255,383))
((128,256,128)(159,287,159))
((128,256,160)(159,287,191))
((128,256,192)(159,287,223))
((128,256,224)(159,287,255))
((128,256,256)(159,287,287))
((128,256,288)(159,287,319))
((128,256,320)(159,287,351))
((128,256,352)(159,287,383))
((160,256,128)(191,287,159))
((160,256,160)(191,287,191))
((160,256,192)(191,287,223))
((160,256,224)(191,287,255))
((160,256,256)(191,287,287))
((160,256,288)(191,287,319))
((160,256,320)(191,287,351))
((160,256,352)(191,287,383))
((192,256,128)(223,287,159))
((192,256,160)(223,287,191))
((192,256,192)(223,287,223))
((192,256,224)(223,287,255))
((192,256,256)(223,287,287))
((192,256,288)(223,287,319))
((192,256,320)(223,287,351))
((192,256,352)(223,287,383))
((224,256,128)(255,287,159))
((224,256,160)(255,287,191))
((224,256,192)(255,287,223))
((224,256,224)(255,287,255))
((224,256,256)(255,287,287))
((224,256,288)(255,287,319))
((224,256,320)(255,287,351))
((224,256,352)(255,287,383))
((256,256,128)(287,287,159))
((256,256,160)(287,287,191))
((256,256,192)(287,287,223))
((256,256,224)(287,287,255))
((256,256,256)(287,287,287))
((256,256,288)(287,287,319))
((256,256,320)(287,287,351))
((256,256,352)(287,287,383))
((288,256,128)(319,287,159))
((288,256,160)(319,287,191))
((288,256,192)(319,287,223))
((288,256,224)(319,287,255))
((288,256,256)(319,287,287))
((288,256,288)(319,287,319))
((288,256,320)(319,287,351))
((288,256,352)(319,287,383))
((320,256,128)(351,287,159))
((320,256,160)(351,287,191))
((320,256,192)(351,287,223))
((320,256,224)(351,287,255))
((320,256,256)(351,287,287))
((320,256,288)(351,287,319))
((320,256,320)(351,287,351))
((320,256,352)(351,287,383))
((352,256,128)(383,287,159))
((352,256,160)(383,287,191))
((352,256,192)(383,287,223))
((352,256,224)(383,287,255))
((352,256,256)(383,287,287))
((352,256,288)(383,287,319))
((352,256,320)(383,287,351))
((352,256,352)(383,287,383))
((128,288,128)(159,319,159))
((128,288,160)(159,319,191))
((128,288,192)(159,319,223))
((128,288,224)(159,319,255))
((128,288,256)(159,319,287))
((128,288,288)(159,319,319))
((128,288,320)(159,319,351))
((128,288,352)(159,319,383))
((160,288,128)(191,319,159))
((160,288,160)(191,319,191))
((160,288,192)(191,319,223))
((160,288,224)(191,319,255))
((160,288,256)(191,319,287))
((160,288,288)(191,319,319))
((160,288,320)(191,319,351))
((160,288,352)(191,319,383))
((192,288,128)(223,319,159))
((192,288,160)(223,319,191))
((192,288,192)(223,319,223))
((192,288,224)(223,319,255))
((192,288,256)(223,319,287))
((192,288,288)(223,319,319))
((192,288,320)(223,319,351))
((192,288,352)(223,319,383))
((224,288,128)(255,319,159))
((224,288,160)(255,319,191))
((224,288,192)(255,319,223))
((224,288,224)(255,319,255))
((224,288,256)(255,319,287))
((224,288,288)(255,319,319))
((224,288,320)(255,319,351))
((224,288,352)(255,319,383))
((256,288,128)(287,319,159))
((256,288,160)(287,319,191))
((256,288,192)(287,319,223))
((256,288,224)(287,319,255))
((256,288,256)(287,319,287))
((256,288,288)(287,319,319))
((256,288,320)(287,319,351))
((256,288,352)(287,319,383))
((288,288,128)(319,319,159))
((288,288,160)(319,319,191))
((288,288,192)(319,319,223))
((288,288,224)(319,319,255))
((288,288,256)(319,319,287))
((288,288,288)(319,319,319))
((288,288,320)(319,319,351))
((288,288,352)(319,319,383))
((320,288,128)(351,319,159))
((320,288,160)(351,319,191))
((320,288,192)(351,319,223))
((320,288,224)(351,319,255))
((320,288,256)(351,319,287))
((320,288,288)(351,319,319))
((320,288,320)(351,319,351))
((320,288,352)(351,319,383))
((352,288,128)(383,319,159))
((352,288,160)(383,319,191))
((352,288,192)(383,319,223))
((352,288,224)(383,319,255))
((352,288,256)(383,319,287))
((352,288,288)(383,319,319))
((352,288,320)(383,319,351))
((352,288,352)(383,319,383))
((128,320,128)(159,351,159))
((128,320,160)(159,351,191))
((128,320,192)(159,351,223))
((128,320,224)(159,351,255))
((128,320,256)(159,351,287))
((128,320,288)(159,351,319))
((128,320,320)(159,351,351))
((128,320,352)(159,351,383))
((160,320,128)(191,351,159))
((160,320,160)(191,351,191))
((160,320,192)(191,351,223))
((160,320,224)(191,351,255))
((160,320,256)(191,351,287))
((160,320,288)(191,351,319))
((160,320,320)(191,351,351))
((160,320,352)(191,351,383))
((192,320,128)(223,351,159))
((192,320,160)(223,351,191))
((192,320,192)(223,351,223))
((192,320,224)(223,351,255))
((192,320,256)(223,351,287))
((192,320,288)(223,351,319))
((192,320,320)(223,351,351))
((192,320,352)(223,351,383))
((224,320,128)(255,351,159))
((224,320,160)(255,351,191))
((224,320,192)(255,351,223))
((224,320,224)(255,351,255))
((224,320,256)(255,351,287))
((224,320,288)(255,351,319))
((224,320,320)(255,351,351))
((224,320,352)(255,351,383))
((256,320,128)(287,351,159))
((256,320,160)(287,351,191))
((256,320,192)(287,351,223))
((256,320,224)(287,351,255))
((256,320,256)(287,351,287))
((256,320,288)(287,351,319))
((256,320,320)(287,351,351))
((256,320,352)(287,351,383))
((288,320,128)(319,351,159))
((288,320,160)(319,351,191))
((288,320,192)(319,351,223))
((288,320,224)(319,351,255))
((288,320,256)(319,351,287))
((288,320,288)(319,351,319))
((288,320,320)(319,351,351))
((288,320,352)(319,351,383))
((320,320,128)(351,351,159))
((320,320,160)(351,351,191))
((320,320,192)(351,351,223))
((320,320,224)(351,351,255))
((320,320,256)(351,351,287))
((320,320,288)(351,351,319))
((320,320,320)(351,351,351))
((320,320,352)(351,351,383))
((352,320,128)(383,351,159))
((352,320,160)(383,351,191))
((352,320,192)(383,351,223))
((352,320,224)(383,351,255))
((352,320,256)(383,351,287))
((352,320,288)(383,351,319))
((352,320,320)(383,351,351))
((352,320,352)(383,351,383))
((128,352,128)(159,383,159))
((128,352,160)(159,383,191))
((128,352,192)(159,383,223))
((128,352,224)(159,383,255))
((128,352,256)(159,383,287))
((128,352,288)(159,383,319))
((128,352,320)(159,383,351))
((128,352,352)(159,383,383))
((160,352,128)(191,383,159))
((160,352,160)(191,383,191))
((160,352,192)(191,383,223))
((160,352,224)(191,383,255))
((160,352,256)(191,383,287))
((160,352,288)(191,383,319))
((160,352,320)(191,383,351))
((160,352,352)(191,383,383))
((192,352,128)(223,383,159))
((192,352,160)(223,383,191))
((192,352,192)(223,383,223))
((192,352,224)(223,383,255))
((192,352,256)(223,383,287))
((192,352,288)(223,383,319))
((192,352,320)(223,383,351))
((192,352,352)(223,383,383))
((224,352,128)(255,383,159))
((224,352,160)(255,383,191))
((224,352,192)(255,383,223))
((224,352,224)(255,383,255))
((224,352,256)(255,383,287))
((224,352,288)(255,383,319))
((224,352,320)(255,383,351))
((224,352,352)(255,383,383))
((256,352,128)(287,383,159))
((256,352,160)(287,383,191))
((256,352,192)(287,383,223))
((256,352,224)(287,383,255))
((256,352,256)(287,383,287))
((256,352,288)(287,383,319))
((256,352,320)(287,383,351))
((256,352,352)(287,383,383))
((288,352,128)(319,383,159))
((288,352,160)(319,383,191))
((288,352,192)(319,383,223))
((288,352,224)(319,383,255))
((288,352,256)(319,383,287))
((288,352,288)(319,383,319))
((288,352,320)(319,383,351))
((288,352,352)(319,383,383))
((320,352,128)(351,383,159))
((320,352,160)(351,383,191))
((320,352,192)(351,383,223))
((320,352,224)(351,383,255))
((320,352,256)(351,383,287))
((320,352,288)(351,383,319))
((320,352,320)(351,383,351))
((320,352,352)(351,383,383))
((352,352,128)(383,383,159))
((352,352,160)(383,383,191))
((352,352,192)(383,383,223))
((352,352,224)(383,383,255))
((352,352,256)(383,383,287))
((352,352,288)(383,383,319))
((352,352,320)(383,383,351))
((352,352,352)(383,383,383))

