3
343
((104,104,104)(135,135,135))
((104,104,136)(135,135,167))
((104,104,168)(135,135,199))
((104,104,200)(135,135,231))
((104,104,232)(135,135,263))
((104,104,264)(135,135,295))
((104,104,296)(135,135,327))
((136,104,104)(167,135,135))
((136,104,136)(167,135,167))
((136,104,168)(167,135,199))
((136,104,200)(167,135,231))
((136,104,232)(167,135,263))
((136,104,264)(167,135,295))
((136,104,296)(167,135,327))
((168,104,104)(199,135,135))
((168,104,136)(199,135,167))
((168,104,168)(199,135,199))
((168,104,200)(199,135,231))
((168,104,232)(199,135,263))
((168,104,264)(199,135,295))
((168,104,296)(199,135,327))
((200,104,104)(231,135,135))
((200,104,136)(231,135,167))
((200,104,168)(231,135,199))
((200,104,200)(231,135,231))
((200,104,232)(231,135,263))
((200,104,264)(231,135,295))
((200,104,296)(231,135,327))
((232,104,104)(263,135,135))
((232,104,136)(263,135,167))
((232,104,168)(263,135,199))
((232,104,200)(263,135,231))
((232,104,232)(263,135,263))
((232,104,264)(263,135,295))
((232,104,296)(263,135,327))
((264,104,104)(295,135,135))
((264,104,136)(295,135,167))
((264,104,168)(295,135,199))
((264,104,200)(295,135,231))
((264,104,232)(295,135,263))
((264,104,264)(295,135,295))
((264,104,296)(295,135,327))
((296,104,104)(327,135,135))
((296,104,136)(327,135,167))
((296,104,168)(327,135,199))
((296,104,200)(327,135,231))
((296,104,232)(327,135,263))
((296,104,264)(327,135,295))
((296,104,296)(327,135,327))
((104,136,104)(135,167,135))
((104,136,136)(135,167,167))
((104,136,168)(135,167,199))
((104,136,200)(135,167,231))
((104,136,232)(135,167,263))
((104,136,264)(135,167,295))
((104,136,296)(135,167,327))
((136,136,104)(167,167,135))
((136,136,136)(167,167,167))
((136,136,168)(167,167,199))
((136,136,200)(167,167,231))
((136,136,232)(167,167,263))
((136,136,264)(167,167,295))
((136,136,296)(167,167,327))
((168,136,104)(199,167,135))
((168,136,136)(199,167,167))
((168,136,168)(199,167,199))
((168,136,200)(199,167,231))
((168,136,232)(199,167,263))
((168,136,264)(199,167,295))
((168,136,296)(199,167,327))
((200,136,104)(231,167,135))
((200,136,136)(231,167,167))
((200,136,168)(231,167,199))
((200,136,200)(231,167,231))
((200,136,232)(231,167,263))
((200,136,264)(231,167,295))
((200,136,296)(231,167,327))
((232,136,104)(263,167,135))
((232,136,136)(263,167,167))
((232,136,168)(263,167,199))
((232,136,200)(263,167,231))
((232,136,232)(263,167,263))
((232,136,264)(263,167,295))
((232,136,296)(263,167,327))
((264,136,104)(295,167,135))
((264,136,136)(295,167,167))
((264,136,168)(295,167,199))
((264,136,200)(295,167,231))
((264,136,232)(295,167,263))
((264,136,264)(295,167,295))
((264,136,296)(295,167,327))
((296,136,104)(327,167,135))
((296,136,136)(327,167,167))
((296,136,168)(327,167,199))
((296,136,200)(327,167,231))
((296,136,232)(327,167,263))
((296,136,264)(327,167,295))
((296,136,296)(327,167,327))
((104,168,104)(135,199,135))
((104,168,136)(135,199,167))
((104,168,168)(135,199,199))
((104,168,200)(135,199,231))
((104,168,232)(135,199,263))
((104,168,264)(135,199,295))
((104,168,296)(135,199,327))
((136,168,104)(167,199,135))
((136,168,136)(167,199,167))
((136,168,168)(167,199,199))
((136,168,200)(167,199,231))
((136,168,232)(167,199,263))
((136,168,264)(167,199,295))
((136,168,296)(167,199,327))
((168,168,104)(199,199,135))
((168,168,136)(199,199,167))
((168,168,168)(199,199,199))
((168,168,200)(199,199,231))
((168,168,232)(199,199,263))
((168,168,264)(199,199,295))
((168,168,296)(199,199,327))
((200,168,104)(231,199,135))
((200,168,136)(231,199,167))
((200,168,168)(231,199,199))
((200,168,200)(231,199,231))
((200,168,232)(231,199,263))
((200,168,264)(231,199,295))
((200,168,296)(231,199,327))
((232,168,104)(263,199,135))
((232,168,136)(263,199,167))
((232,168,168)(263,199,199))
((232,168,200)(263,199,231))
((232,168,232)(263,199,263))
((232,168,264)(263,199,295))
((232,168,296)(263,199,327))
((264,168,104)(295,199,135))
((264,168,136)(295,199,167))
((264,168,168)(295,199,199))
((264,168,200)(295,199,231))
((264,168,232)(295,199,263))
((264,168,264)(295,199,295))
((264,168,296)(295,199,327))
((296,168,104)(327,199,135))
((296,168,136)(327,199,167))
((296,168,168)(327,199,199))
((296,168,200)(327,199,231))
((296,168,232)(327,199,263))
((296,168,264)(327,199,295))
((296,168,296)(327,199,327))
((104,200,104)(135,231,135))
((104,200,136)(135,231,167))
((104,200,168)(135,231,199))
((104,200,200)(135,231,231))
((104,200,232)(135,231,263))
((104,200,264)(135,231,295))
((104,200,296)(135,231,327))
((136,200,104)(167,231,135))
((136,200,136)(167,231,167))
((136,200,168)(167,231,199))
((136,200,200)(167,231,231))
((136,200,232)(167,231,263))
((136,200,264)(167,231,295))
((136,200,296)(167,231,327))
((168,200,104)(199,231,135))
((168,200,136)(199,231,167))
((168,200,168)(199,231,199))
((168,200,200)(199,231,231))
((168,200,232)(199,231,263))
((168,200,264)(199,231,295))
((168,200,296)(199,231,327))
((200,200,104)(231,231,135))
((200,200,136)(231,231,167))
((200,200,168)(231,231,199))
((200,200,200)(231,231,231))
((200,200,232)(231,231,263))
((200,200,264)(231,231,295))
((200,200,296)(231,231,327))
((232,200,104)(263,231,135))
((232,200,136)(263,231,167))
((232,200,168)(263,231,199))
((232,200,200)(263,231,231))
((232,200,232)(263,231,263))
((232,200,264)(263,231,295))
((232,200,296)(263,231,327))
((264,200,104)(295,231,135))
((264,200,136)(295,231,167))
((264,200,168)(295,231,199))
((264,200,200)(295,231,231))
((264,200,232)(295,231,263))
((264,200,264)(295,231,295))
((264,200,296)(295,231,327))
((296,200,104)(327,231,135))
((296,200,136)(327,231,167))
((296,200,168)(327,231,199))
((296,200,200)(327,231,231))
((296,200,232)(327,231,263))
((296,200,264)(327,231,295))
((296,200,296)(327,231,327))
((104,232,104)(135,263,135))
((104,232,136)(135,263,167))
((104,232,168)(135,263,199))
((104,232,200)(135,263,231))
((104,232,232)(135,263,263))
((104,232,264)(135,263,295))
((104,232,296)(135,263,327))
((136,232,104)(167,263,135))
((136,232,136)(167,263,167))
((136,232,168)(167,263,199))
((136,232,200)(167,263,231))
((136,232,232)(167,263,263))
((136,232,264)(167,263,295))
((136,232,296)(167,263,327))
((168,232,104)(199,263,135))
((168,232,136)(199,263,167))
((168,232,168)(199,263,199))
((168,232,200)(199,263,231))
((168,232,232)(199,263,263))
((168,232,264)(199,263,295))
((168,232,296)(199,263,327))
((200,232,104)(231,263,135))
((200,232,136)(231,263,167))
((200,232,168)(231,263,199))
((200,232,200)(231,263,231))
((200,232,232)(231,263,263))
((200,232,264)(231,263,295))
((200,232,296)(231,263,327))
((232,232,104)(263,263,135))
((232,232,136)(263,263,167))
((232,232,168)(263,263,199))
((232,232,200)(263,263,231))
((232,232,232)(263,263,263))
((232,232,264)(263,263,295))
((232,232,296)(263,263,327))
((264,232,104)(295,263,135))
((264,232,136)(295,263,167))
((264,232,168)(295,263,199))
((264,232,200)(295,263,231))
((264,232,232)(295,263,263))
((264,232,264)(295,263,295))
((264,232,296)(295,263,327))
((296,232,104)(327,263,135))
((296,232,136)(327,263,167))
((296,232,168)(327,263,199))
((296,232,200)(327,263,231))
((296,232,232)(327,263,263))
((296,232,264)(327,263,295))
((296,232,296)(327,263,327))
((104,264,104)(135,295,135))
((104,264,136)(135,295,167))
((104,264,168)(135,295,199))
((104,264,200)(135,295,231))
((104,264,232)(135,295,263))
((104,264,264)(135,295,295))
((104,264,296)(135,295,327))
((136,264,104)(167,295,135))
((136,264,136)(167,295,167))
((136,264,168)(167,295,199))
((136,264,200)(167,295,231))
((136,264,232)(167,295,263))
((136,264,264)(167,295,295))
((136,264,296)(167,295,327))
((168,264,104)(199,295,135))
((168,264,136)(199,295,167))
((168,264,168)(199,295,199))
((168,264,200)(199,295,231))
((168,264,232)(199,295,263))
((168,264,264)(199,295,295))
((168,264,296)(199,295,327))
((200,264,104)(231,295,135))
((200,264,136)(231,295,167))
((200,264,168)(231,295,199))
((200,264,200)(231,295,231))
((200,264,232)(231,295,263))
((200,264,264)(231,295,295))
((200,264,296)(231,295,327))
((232,264,104)(263,295,135))
((232,264,136)(263,295,167))
((232,264,168)(263,295,199))
((232,264,200)(263,295,231))
((232,264,232)(263,295,263))
((232,264,264)(263,295,295))
((232,264,296)(263,295,327))
((264,264,104)(295,295,135))
((264,264,136)(295,295,167))
((264,264,168)(295,295,199))
((264,264,200)(295,295,231))
((264,264,232)(295,295,263))
((264,264,264)(295,295,295))
((264,264,296)(295,295,327))
((296,264,104)(327,295,135))
((296,264,136)(327,295,167))
((296,264,168)(327,295,199))
((296,264,200)(327,295,231))
((296,264,232)(327,295,263))
((296,264,264)(327,295,295))
((296,264,296)(327,295,327))
((104,296,104)(135,327,135))
((104,296,136)(135,327,167))
((104,296,168)(135,327,199))
((104,296,200)(135,327,231))
((104,296,232)(135,327,263))
((104,296,264)(135,327,295))
((104,296,296)(135,327,327))
((136,296,104)(167,327,135))
((136,296,136)(167,327,167))
((136,296,168)(167,327,199))
((136,296,200)(167,327,231))
((136,296,232)(167,327,263))
((136,296,264)(167,327,295))
((136,296,296)(167,327,327))
((168,296,104)(199,327,135))
((168,296,136)(199,327,167))
((168,296,168)(199,327,199))
((168,296,200)(199,327,231))
((168,296,232)(199,327,263))
((168,296,264)(199,327,295))
((168,296,296)(199,327,327))
((200,296,104)(231,327,135))
((200,296,136)(231,327,167))
((200,296,168)(231,327,199))
((200,296,200)(231,327,231))
((200,296,232)(231,327,263))
((200,296,264)(231,327,295))
((200,296,296)(231,327,327))
((232,296,104)(263,327,135))
((232,296,136)(263,327,167))
((232,296,168)(263,327,199))
((232,296,200)(263,327,231))
((232,296,232)(263,327,263))
((232,296,264)(263,327,295))
((232,296,296)(263,327,327))
((264,296,104)(295,327,135))
((264,296,136)(295,327,167))
((264,296,168)(295,327,199))
((264,296,200)(295,327,231))
((264,296,232)(295,327,263))
((264,296,264)(295,327,295))
((264,296,296)(295,327,327))
((296,296,104)(327,327,135))
((296,296,136)(327,327,167))
((296,296,168)(327,327,199))
((296,296,200)(327,327,231))
((296,296,232)(327,327,263))
((296,296,264)(327,327,295))
((296,296,296)(327,327,327))
343
((312,312,312)(343,343,343))
((312,312,344)(343,343,375))
((312,312,376)(343,343,407))
((312,312,408)(343,343,439))
((312,312,440)(343,343,471))
((312,312,472)(343,343,503))
((312,312,504)(343,343,535))
((344,312,312)(375,343,343))
((344,312,344)(375,343,375))
((344,312,376)(375,343,407))
((344,312,408)(375,343,439))
((344,312,440)(375,343,471))
((344,312,472)(375,343,503))
((344,312,504)(375,343,535))
((376,312,312)(407,343,343))
((376,312,344)(407,343,375))
((376,312,376)(407,343,407))
((376,312,408)(407,343,439))
((376,312,440)(407,343,471))
((376,312,472)(407,343,503))
((376,312,504)(407,343,535))
((408,312,312)(439,343,343))
((408,312,344)(439,343,375))
((408,312,376)(439,343,407))
((408,312,408)(439,343,439))
((408,312,440)(439,343,471))
((408,312,472)(439,343,503))
((408,312,504)(439,343,535))
((440,312,312)(471,343,343))
((440,312,344)(471,343,375))
((440,312,376)(471,343,407))
((440,312,408)(471,343,439))
((440,312,440)(471,343,471))
((440,312,472)(471,343,503))
((440,312,504)(471,343,535))
((472,312,312)(503,343,343))
((472,312,344)(503,343,375))
((472,312,376)(503,343,407))
((472,312,408)(503,343,439))
((472,312,440)(503,343,471))
((472,312,472)(503,343,503))
((472,312,504)(503,343,535))
((504,312,312)(535,343,343))
((504,312,344)(535,343,375))
((504,312,376)(535,343,407))
((504,312,408)(535,343,439))
((504,312,440)(535,343,471))
((504,312,472)(535,343,503))
((504,312,504)(535,343,535))
((312,344,312)(343,375,343))
((312,344,344)(343,375,375))
((312,344,376)(343,375,407))
((312,344,408)(343,375,439))
((312,344,440)(343,375,471))
((312,344,472)(343,375,503))
((312,344,504)(343,375,535))
((344,344,312)(375,375,343))
((344,344,344)(375,375,375))
((344,344,376)(375,375,407))
((344,344,408)(375,375,439))
((344,344,440)(375,375,471))
((344,344,472)(375,375,503))
((344,344,504)(375,375,535))
((376,344,312)(407,375,343))
((376,344,344)(407,375,375))
((376,344,376)(407,375,407))
((376,344,408)(407,375,439))
((376,344,440)(407,375,471))
((376,344,472)(407,375,503))
((376,344,504)(407,375,535))
((408,344,312)(439,375,343))
((408,344,344)(439,375,375))
((408,344,376)(439,375,407))
((408,344,408)(439,375,439))
((408,344,440)(439,375,471))
((408,344,472)(439,375,503))
((408,344,504)(439,375,535))
((440,344,312)(471,375,343))
((440,344,344)(471,375,375))
((440,344,376)(471,375,407))
((440,344,408)(471,375,439))
((440,344,440)(471,375,471))
((440,344,472)(471,375,503))
((440,344,504)(471,375,535))
((472,344,312)(503,375,343))
((472,344,344)(503,375,375))
((472,344,376)(503,375,407))
((472,344,408)(503,375,439))
((472,344,440)(503,375,471))
((472,344,472)(503,375,503))
((472,344,504)(503,375,535))
((504,344,312)(535,375,343))
((504,344,344)(535,375,375))
((504,344,376)(535,375,407))
((504,344,408)(535,375,439))
((504,344,440)(535,375,471))
((504,344,472)(535,375,503))
((504,344,504)(535,375,535))
((312,376,312)(343,407,343))
((312,376,344)(343,407,375))
((312,376,376)(343,407,407))
((312,376,408)(343,407,439))
((312,376,440)(343,407,471))
((312,376,472)(343,407,503))
((312,376,504)(343,407,535))
((344,376,312)(375,407,343))
((344,376,344)(375,407,375))
((344,376,376)(375,407,407))
((344,376,408)(375,407,439))
((344,376,440)(375,407,471))
((344,376,472)(375,407,503))
((344,376,504)(375,407,535))
((376,376,312)(407,407,343))
((376,376,344)(407,407,375))
((376,376,376)(407,407,407))
((376,376,408)(407,407,439))
((376,376,440)(407,407,471))
((376,376,472)(407,407,503))
((376,376,504)(407,407,535))
((408,376,312)(439,407,343))
((408,376,344)(439,407,375))
((408,376,376)(439,407,407))
((408,376,408)(439,407,439))
((408,376,440)(439,407,471))
((408,376,472)(439,407,503))
((408,376,504)(439,407,535))
((440,376,312)(471,407,343))
((440,376,344)(471,407,375))
((440,376,376)(471,407,407))
((440,376,408)(471,407,439))
((440,376,440)(471,407,471))
((440,376,472)(471,407,503))
((440,376,504)(471,407,535))
((472,376,312)(503,407,343))
((472,376,344)(503,407,375))
((472,376,376)(503,407,407))
((472,376,408)(503,407,439))
((472,376,440)(503,407,471))
((472,376,472)(503,407,503))
((472,376,504)(503,407,535))
((504,376,312)(535,407,343))
((504,376,344)(535,407,375))
((504,376,376)(535,407,407))
((504,376,408)(535,407,439))
((504,376,440)(535,407,471))
((504,376,472)(535,407,503))
((504,376,504)(535,407,535))
((312,408,312)(343,439,343))
((312,408,344)(343,439,375))
((312,408,376)(343,439,407))
((312,408,408)(343,439,439))
((312,408,440)(343,439,471))
((312,408,472)(343,439,503))
((312,408,504)(343,439,535))
((344,408,312)(375,439,343))
((344,408,344)(375,439,375))
((344,408,376)(375,439,407))
((344,408,408)(375,439,439))
((344,408,440)(375,439,471))
((344,408,472)(375,439,503))
((344,408,504)(375,439,535))
((376,408,312)(407,439,343))
((376,408,344)(407,439,375))
((376,408,376)(407,439,407))
((376,408,408)(407,439,439))
((376,408,440)(407,439,471))
((376,408,472)(407,439,503))
((376,408,504)(407,439,535))
((408,408,312)(439,439,343))
((408,408,344)(439,439,375))
((408,408,376)(439,439,407))
((408,408,408)(439,439,439))
((408,408,440)(439,439,471))
((408,408,472)(439,439,503))
((408,408,504)(439,439,535))
((440,408,312)(471,439,343))
((440,408,344)(471,439,375))
((440,408,376)(471,439,407))
((440,408,408)(471,439,439))
((440,408,440)(471,439,471))
((440,408,472)(471,439,503))
((440,408,504)(471,439,535))
((472,408,312)(503,439,343))
((472,408,344)(503,439,375))
((472,408,376)(503,439,407))
((472,408,408)(503,439,439))
((472,408,440)(503,439,471))
((472,408,472)(503,439,503))
((472,408,504)(503,439,535))
((504,408,312)(535,439,343))
((504,408,344)(535,439,375))
((504,408,376)(535,439,407))
((504,408,408)(535,439,439))
((504,408,440)(535,439,471))
((504,408,472)(535,439,503))
((504,408,504)(535,439,535))
((312,440,312)(343,471,343))
((312,440,344)(343,471,375))
((312,440,376)(343,471,407))
((312,440,408)(343,471,439))
((312,440,440)(343,471,471))
((312,440,472)(343,471,503))
((312,440,504)(343,471,535))
((344,440,312)(375,471,343))
((344,440,344)(375,471,375))
((344,440,376)(375,471,407))
((344,440,408)(375,471,439))
((344,440,440)(375,471,471))
((344,440,472)(375,471,503))
((344,440,504)(375,471,535))
((376,440,312)(407,471,343))
((376,440,344)(407,471,375))
((376,440,376)(407,471,407))
((376,440,408)(407,471,439))
((376,440,440)(407,471,471))
((376,440,472)(407,471,503))
((376,440,504)(407,471,535))
((408,440,312)(439,471,343))
((408,440,344)(439,471,375))
((408,440,376)(439,471,407))
((408,440,408)(439,471,439))
((408,440,440)(439,471,471))
((408,440,472)(439,471,503))
((408,440,504)(439,471,535))
((440,440,312)(471,471,343))
((440,440,344)(471,471,375))
((440,440,376)(471,471,407))
((440,440,408)(471,471,439))
((440,440,440)(471,471,471))
((440,440,472)(471,471,503))
((440,440,504)(471,471,535))
((472,440,312)(503,471,343))
((472,440,344)(503,471,375))
((472,440,376)(503,471,407))
((472,440,408)(503,471,439))
((472,440,440)(503,471,471))
((472,440,472)(503,471,503))
((472,440,504)(503,471,535))
((504,440,312)(535,471,343))
((504,440,344)(535,471,375))
((504,440,376)(535,471,407))
((504,440,408)(535,471,439))
((504,440,440)(535,471,471))
((504,440,472)(535,471,503))
((504,440,504)(535,471,535))
((312,472,312)(343,503,343))
((312,472,344)(343,503,375))
((312,472,376)(343,503,407))
((312,472,408)(343,503,439))
((312,472,440)(343,503,471))
((312,472,472)(343,503,503))
((312,472,504)(343,503,535))
((344,472,312)(375,503,343))
((344,472,344)(375,503,375))
((344,472,376)(375,503,407))
((344,472,408)(375,503,439))
((344,472,440)(375,503,471))
((344,472,472)(375,503,503))
((344,472,504)(375,503,535))
((376,472,312)(407,503,343))
((376,472,344)(407,503,375))
((376,472,376)(407,503,407))
((376,472,408)(407,503,439))
((376,472,440)(407,503,471))
((376,472,472)(407,503,503))
((376,472,504)(407,503,535))
((408,472,312)(439,503,343))
((408,472,344)(439,503,375))
((408,472,376)(439,503,407))
((408,472,408)(439,503,439))
((408,472,440)(439,503,471))
((408,472,472)(439,503,503))
((408,472,504)(439,503,535))
((440,472,312)(471,503,343))
((440,472,344)(471,503,375))
((440,472,376)(471,503,407))
((440,472,408)(471,503,439))
((440,472,440)(471,503,471))
((440,472,472)(471,503,503))
((440,472,504)(471,503,535))
((472,472,312)(503,503,343))
((472,472,344)(503,503,375))
((472,472,376)(503,503,407))
((472,472,408)(503,503,439))
((472,472,440)(503,503,471))
((472,472,472)(503,503,503))
((472,472,504)(503,503,535))
((504,472,312)(535,503,343))
((504,472,344)(535,503,375))
((504,472,376)(535,503,407))
((504,472,408)(535,503,439))
((504,472,440)(535,503,471))
((504,472,472)(535,503,503))
((504,472,504)(535,503,535))
((312,504,312)(343,535,343))
((312,504,344)(343,535,375))
((312,504,376)(343,535,407))
((312,504,408)(343,535,439))
((312,504,440)(343,535,471))
((312,504,472)(343,535,503))
((312,504,504)(343,535,535))
((344,504,312)(375,535,343))
((344,504,344)(375,535,375))
((344,504,376)(375,535,407))
((344,504,408)(375,535,439))
((344,504,440)(375,535,471))
((344,504,472)(375,535,503))
((344,504,504)(375,535,535))
((376,504,312)(407,535,343))
((376,504,344)(407,535,375))
((376,504,376)(407,535,407))
((376,504,408)(407,535,439))
((376,504,440)(407,535,471))
((376,504,472)(407,535,503))
((376,504,504)(407,535,535))
((408,504,312)(439,535,343))
((408,504,344)(439,535,375))
((408,504,376)(439,535,407))
((408,504,408)(439,535,439))
((408,504,440)(439,535,471))
((408,504,472)(439,535,503))
((408,504,504)(439,535,535))
((440,504,312)(471,535,343))
((440,504,344)(471,535,375))
((440,504,376)(471,535,407))
((440,504,408)(471,535,439))
((440,504,440)(471,535,471))
((440,504,472)(471,535,503))
((440,504,504)(471,535,535))
((472,504,312)(503,535,343))
((472,504,344)(503,535,375))
((472,504,376)(503,535,407))
((472,504,408)(503,535,439))
((472,504,440)(503,535,471))
((472,504,472)(503,535,503))
((472,504,504)(503,535,535))
((504,504,312)(535,535,343))
((504,504,344)(535,535,375))
((504,504,376)(535,535,407))
((504,504,408)(535,535,439))
((504,504,440)(535,535,471))
((504,504,472)(535,535,503))
((504,504,504)(535,535,535))
343
((728,728,728)(759,759,759))
((728,728,760)(759,759,791))
((728,728,792)(759,759,823))
((728,728,824)(759,759,855))
((728,728,856)(759,759,887))
((728,728,888)(759,759,919))
((728,728,920)(759,759,951))
((760,728,728)(791,759,759))
((760,728,760)(791,759,791))
((760,728,792)(791,759,823))
((760,728,824)(791,759,855))
((760,728,856)(791,759,887))
((760,728,888)(791,759,919))
((760,728,920)(791,759,951))
((792,728,728)(823,759,759))
((792,728,760)(823,759,791))
((792,728,792)(823,759,823))
((792,728,824)(823,759,855))
((792,728,856)(823,759,887))
((792,728,888)(823,759,919))
((792,728,920)(823,759,951))
((824,728,728)(855,759,759))
((824,728,760)(855,759,791))
((824,728,792)(855,759,823))
((824,728,824)(855,759,855))
((824,728,856)(855,759,887))
((824,728,888)(855,759,919))
((824,728,920)(855,759,951))
((856,728,728)(887,759,759))
((856,728,760)(887,759,791))
((856,728,792)(887,759,823))
((856,728,824)(887,759,855))
((856,728,856)(887,759,887))
((856,728,888)(887,759,919))
((856,728,920)(887,759,951))
((888,728,728)(919,759,759))
((888,728,760)(919,759,791))
((888,728,792)(919,759,823))
((888,728,824)(919,759,855))
((888,728,856)(919,759,887))
((888,728,888)(919,759,919))
((888,728,920)(919,759,951))
((920,728,728)(951,759,759))
((920,728,760)(951,759,791))
((920,728,792)(951,759,823))
((920,728,824)(951,759,855))
((920,728,856)(951,759,887))
((920,728,888)(951,759,919))
((920,728,920)(951,759,951))
((728,760,728)(759,791,759))
((728,760,760)(759,791,791))
((728,760,792)(759,791,823))
((728,760,824)(759,791,855))
((728,760,856)(759,791,887))
((728,760,888)(759,791,919))
((728,760,920)(759,791,951))
((760,760,728)(791,791,759))
((760,760,760)(791,791,791))
((760,760,792)(791,791,823))
((760,760,824)(791,791,855))
((760,760,856)(791,791,887))
((760,760,888)(791,791,919))
((760,760,920)(791,791,951))
((792,760,728)(823,791,759))
((792,760,760)(823,791,791))
((792,760,792)(823,791,823))
((792,760,824)(823,791,855))
((792,760,856)(823,791,887))
((792,760,888)(823,791,919))
((792,760,920)(823,791,951))
((824,760,728)(855,791,759))
((824,760,760)(855,791,791))
((824,760,792)(855,791,823))
((824,760,824)(855,791,855))
((824,760,856)(855,791,887))
((824,760,888)(855,791,919))
((824,760,920)(855,791,951))
((856,760,728)(887,791,759))
((856,760,760)(887,791,791))
((856,760,792)(887,791,823))
((856,760,824)(887,791,855))
((856,760,856)(887,791,887))
((856,760,888)(887,791,919))
((856,760,920)(887,791,951))
((888,760,728)(919,791,759))
((888,760,760)(919,791,791))
((888,760,792)(919,791,823))
((888,760,824)(919,791,855))
((888,760,856)(919,791,887))
((888,760,888)(919,791,919))
((888,760,920)(919,791,951))
((920,760,728)(951,791,759))
((920,760,760)(951,791,791))
((920,760,792)(951,791,823))
((920,760,824)(951,791,855))
((920,760,856)(951,791,887))
((920,760,888)(951,791,919))
((920,760,920)(951,791,951))
((728,792,728)(759,823,759))
((728,792,760)(759,823,791))
((728,792,792)(759,823,823))
((728,792,824)(759,823,855))
((728,792,856)(759,823,887))
((728,792,888)(759,823,919))
((728,792,920)(759,823,951))
((760,792,728)(791,823,759))
((760,792,760)(791,823,791))
((760,792,792)(791,823,823))
((760,792,824)(791,823,855))
((760,792,856)(791,823,887))
((760,792,888)(791,823,919))
((760,792,920)(791,823,951))
((792,792,728)(823,823,759))
((792,792,760)(823,823,791))
((792,792,792)(823,823,823))
((792,792,824)(823,823,855))
((792,792,856)(823,823,887))
((792,792,888)(823,823,919))
((792,792,920)(823,823,951))
((824,792,728)(855,823,759))
((824,792,760)(855,823,791))
((824,792,792)(855,823,823))
((824,792,824)(855,823,855))
((824,792,856)(855,823,887))
((824,792,888)(855,823,919))
((824,792,920)(855,823,951))
((856,792,728)(887,823,759))
((856,792,760)(887,823,791))
((856,792,792)(887,823,823))
((856,792,824)(887,823,855))
((856,792,856)(887,823,887))
((856,792,888)(887,823,919))
((856,792,920)(887,823,951))
((888,792,728)(919,823,759))
((888,792,760)(919,823,791))
((888,792,792)(919,823,823))
((888,792,824)(919,823,855))
((888,792,856)(919,823,887))
((888,792,888)(919,823,919))
((888,792,920)(919,823,951))
((920,792,728)(951,823,759))
((920,792,760)(951,823,791))
((920,792,792)(951,823,823))
((920,792,824)(951,823,855))
((920,792,856)(951,823,887))
((920,792,888)(951,823,919))
((920,792,920)(951,823,951))
((728,824,728)(759,855,759))
((728,824,760)(759,855,791))
((728,824,792)(759,855,823))
((728,824,824)(759,855,855))
((728,824,856)(759,855,887))
((728,824,888)(759,855,919))
((728,824,920)(759,855,951))
((760,824,728)(791,855,759))
((760,824,760)(791,855,791))
((760,824,792)(791,855,823))
((760,824,824)(791,855,855))
((760,824,856)(791,855,887))
((760,824,888)(791,855,919))
((760,824,920)(791,855,951))
((792,824,728)(823,855,759))
((792,824,760)(823,855,791))
((792,824,792)(823,855,823))
((792,824,824)(823,855,855))
((792,824,856)(823,855,887))
((792,824,888)(823,855,919))
((792,824,920)(823,855,951))
((824,824,728)(855,855,759))
((824,824,760)(855,855,791))
((824,824,792)(855,855,823))
((824,824,824)(855,855,855))
((824,824,856)(855,855,887))
((824,824,888)(855,855,919))
((824,824,920)(855,855,951))
((856,824,728)(887,855,759))
((856,824,760)(887,855,791))
((856,824,792)(887,855,823))
((856,824,824)(887,855,855))
((856,824,856)(887,855,887))
((856,824,888)(887,855,919))
((856,824,920)(887,855,951))
((888,824,728)(919,855,759))
((888,824,760)(919,855,791))
((888,824,792)(919,855,823))
((888,824,824)(919,855,855))
((888,824,856)(919,855,887))
((888,824,888)(919,855,919))
((888,824,920)(919,855,951))
((920,824,728)(951,855,759))
((920,824,760)(951,855,791))
((920,824,792)(951,855,823))
((920,824,824)(951,855,855))
((920,824,856)(951,855,887))
((920,824,888)(951,855,919))
((920,824,920)(951,855,951))
((728,856,728)(759,887,759))
((728,856,760)(759,887,791))
((728,856,792)(759,887,823))
((728,856,824)(759,887,855))
((728,856,856)(759,887,887))
((728,856,888)(759,887,919))
((728,856,920)(759,887,951))
((760,856,728)(791,887,759))
((760,856,760)(791,887,791))
((760,856,792)(791,887,823))
((760,856,824)(791,887,855))
((760,856,856)(791,887,887))
((760,856,888)(791,887,919))
((760,856,920)(791,887,951))
((792,856,728)(823,887,759))
((792,856,760)(823,887,791))
((792,856,792)(823,887,823))
((792,856,824)(823,887,855))
((792,856,856)(823,887,887))
((792,856,888)(823,887,919))
((792,856,920)(823,887,951))
((824,856,728)(855,887,759))
((824,856,760)(855,887,791))
((824,856,792)(855,887,823))
((824,856,824)(855,887,855))
((824,856,856)(855,887,887))
((824,856,888)(855,887,919))
((824,856,920)(855,887,951))
((856,856,728)(887,887,759))
((856,856,760)(887,887,791))
((856,856,792)(887,887,823))
((856,856,824)(887,887,855))
((856,856,856)(887,887,887))
((856,856,888)(887,887,919))
((856,856,920)(887,887,951))
((888,856,728)(919,887,759))
((888,856,760)(919,887,791))
((888,856,792)(919,887,823))
((888,856,824)(919,887,855))
((888,856,856)(919,887,887))
((888,856,888)(919,887,919))
((888,856,920)(919,887,951))
((920,856,728)(951,887,759))
((920,856,760)(951,887,791))
((920,856,792)(951,887,823))
((920,856,824)(951,887,855))
((920,856,856)(951,887,887))
((920,856,888)(951,887,919))
((920,856,920)(951,887,951))
((728,888,728)(759,919,759))
((728,888,760)(759,919,791))
((728,888,792)(759,919,823))
((728,888,824)(759,919,855))
((728,888,856)(759,919,887))
((728,888,888)(759,919,919))
((728,888,920)(759,919,951))
((760,888,728)(791,919,759))
((760,888,760)(791,919,791))
((760,888,792)(791,919,823))
((760,888,824)(791,919,855))
((760,888,856)(791,919,887))
((760,888,888)(791,919,919))
((760,888,920)(791,919,951))
((792,888,728)(823,919,759))
((792,888,760)(823,919,791))
((792,888,792)(823,919,823))
((792,888,824)(823,919,855))
((792,888,856)(823,919,887))
((792,888,888)(823,919,919))
((792,888,920)(823,919,951))
((824,888,728)(855,919,759))
((824,888,760)(855,919,791))
((824,888,792)(855,919,823))
((824,888,824)(855,919,855))
((824,888,856)(855,919,887))
((824,888,888)(855,919,919))
((824,888,920)(855,919,951))
((856,888,728)(887,919,759))
((856,888,760)(887,919,791))
((856,888,792)(887,919,823))
((856,888,824)(887,919,855))
((856,888,856)(887,919,887))
((856,888,888)(887,919,919))
((856,888,920)(887,919,951))
((888,888,728)(919,919,759))
((888,888,760)(919,919,791))
((888,888,792)(919,919,823))
((888,888,824)(919,919,855))
((888,888,856)(919,919,887))
((888,888,888)(919,919,919))
((888,888,920)(919,919,951))
((920,888,728)(951,919,759))
((920,888,760)(951,919,791))
((920,888,792)(951,919,823))
((920,888,824)(951,919,855))
((920,888,856)(951,919,887))
((920,888,888)(951,919,919))
((920,888,920)(951,919,951))
((728,920,728)(759,951,759))
((728,920,760)(759,951,791))
((728,920,792)(759,951,823))
((728,920,824)(759,951,855))
((728,920,856)(759,951,887))
((728,920,888)(759,951,919))
((728,920,920)(759,951,951))
((760,920,728)(791,951,759))
((760,920,760)(791,951,791))
((760,920,792)(791,951,823))
((760,920,824)(791,951,855))
((760,920,856)(791,951,887))
((760,920,888)(791,951,919))
((760,920,920)(791,951,951))
((792,920,728)(823,951,759))
((792,920,760)(823,951,791))
((792,920,792)(823,951,823))
((792,920,824)(823,951,855))
((792,920,856)(823,951,887))
((792,920,888)(823,951,919))
((792,920,920)(823,951,951))
((824,920,728)(855,951,759))
((824,920,760)(855,951,791))
((824,920,792)(855,951,823))
((824,920,824)(855,951,855))
((824,920,856)(855,951,887))
((824,920,888)(855,951,919))
((824,920,920)(855,951,951))
((856,920,728)(887,951,759))
((856,920,760)(887,951,791))
((856,920,792)(887,951,823))
((856,920,824)(887,951,855))
((856,920,856)(887,951,887))
((856,920,888)(887,951,919))
((856,920,920)(887,951,951))
((888,920,728)(919,951,759))
((888,920,760)(919,951,791))
((888,920,792)(919,951,823))
((888,920,824)(919,951,855))
((888,920,856)(919,951,887))
((888,920,888)(919,951,919))
((888,920,920)(919,951,951))
((920,920,728)(951,951,759))
((920,920,760)(951,951,791))
((920,920,792)(951,951,823))
((920,920,824)(951,951,855))
((920,920,856)(951,951,887))
((920,920,888)(951,951,919))
((920,920,920)(951,951,951))

