2
343
((112,112,112)(143,143,143))
((112,112,144)(143,143,175))
((112,112,176)(143,143,207))
((112,112,208)(143,143,239))
((112,112,240)(143,143,271))
((112,112,272)(143,143,303))
((112,112,304)(143,143,335))
((144,112,112)(175,143,143))
((144,112,144)(175,143,175))
((144,112,176)(175,143,207))
((144,112,208)(175,143,239))
((144,112,240)(175,143,271))
((144,112,272)(175,143,303))
((144,112,304)(175,143,335))
((176,112,112)(207,143,143))
((176,112,144)(207,143,175))
((176,112,176)(207,143,207))
((176,112,208)(207,143,239))
((176,112,240)(207,143,271))
((176,112,272)(207,143,303))
((176,112,304)(207,143,335))
((208,112,112)(239,143,143))
((208,112,144)(239,143,175))
((208,112,176)(239,143,207))
((208,112,208)(239,143,239))
((208,112,240)(239,143,271))
((208,112,272)(239,143,303))
((208,112,304)(239,143,335))
((240,112,112)(271,143,143))
((240,112,144)(271,143,175))
((240,112,176)(271,143,207))
((240,112,208)(271,143,239))
((240,112,240)(271,143,271))
((240,112,272)(271,143,303))
((240,112,304)(271,143,335))
((272,112,112)(303,143,143))
((272,112,144)(303,143,175))
((272,112,176)(303,143,207))
((272,112,208)(303,143,239))
((272,112,240)(303,143,271))
((272,112,272)(303,143,303))
((272,112,304)(303,143,335))
((304,112,112)(335,143,143))
((304,112,144)(335,143,175))
((304,112,176)(335,143,207))
((304,112,208)(335,143,239))
((304,112,240)(335,143,271))
((304,112,272)(335,143,303))
((304,112,304)(335,143,335))
((112,144,112)(143,175,143))
((112,144,144)(143,175,175))
((112,144,176)(143,175,207))
((112,144,208)(143,175,239))
((112,144,240)(143,175,271))
((112,144,272)(143,175,303))
((112,144,304)(143,175,335))
((144,144,112)(175,175,143))
((144,144,144)(175,175,175))
((144,144,176)(175,175,207))
((144,144,208)(175,175,239))
((144,144,240)(175,175,271))
((144,144,272)(175,175,303))
((144,144,304)(175,175,335))
((176,144,112)(207,175,143))
((176,144,144)(207,175,175))
((176,144,176)(207,175,207))
((176,144,208)(207,175,239))
((176,144,240)(207,175,271))
((176,144,272)(207,175,303))
((176,144,304)(207,175,335))
((208,144,112)(239,175,143))
((208,144,144)(239,175,175))
((208,144,176)(239,175,207))
((208,144,208)(239,175,239))
((208,144,240)(239,175,271))
((208,144,272)(239,175,303))
((208,144,304)(239,175,335))
((240,144,112)(271,175,143))
((240,144,144)(271,175,175))
((240,144,176)(271,175,207))
((240,144,208)(271,175,239))
((240,144,240)(271,175,271))
((240,144,272)(271,175,303))
((240,144,304)(271,175,335))
((272,144,112)(303,175,143))
((272,144,144)(303,175,175))
((272,144,176)(303,175,207))
((272,144,208)(303,175,239))
((272,144,240)(303,175,271))
((272,144,272)(303,175,303))
((272,144,304)(303,175,335))
((304,144,112)(335,175,143))
((304,144,144)(335,175,175))
((304,144,176)(335,175,207))
((304,144,208)(335,175,239))
((304,144,240)(335,175,271))
((304,144,272)(335,175,303))
((304,144,304)(335,175,335))
((112,176,112)(143,207,143))
((112,176,144)(143,207,175))
((112,176,176)(143,207,207))
((112,176,208)(143,207,239))
((112,176,240)(143,207,271))
((112,176,272)(143,207,303))
((112,176,304)(143,207,335))
((144,176,112)(175,207,143))
((144,176,144)(175,207,175))
((144,176,176)(175,207,207))
((144,176,208)(175,207,239))
((144,176,240)(175,207,271))
((144,176,272)(175,207,303))
((144,176,304)(175,207,335))
((176,176,112)(207,207,143))
((176,176,144)(207,207,175))
((176,176,176)(207,207,207))
((176,176,208)(207,207,239))
((176,176,240)(207,207,271))
((176,176,272)(207,207,303))
((176,176,304)(207,207,335))
((208,176,112)(239,207,143))
((208,176,144)(239,207,175))
((208,176,176)(239,207,207))
((208,176,208)(239,207,239))
((208,176,240)(239,207,271))
((208,176,272)(239,207,303))
((208,176,304)(239,207,335))
((240,176,112)(271,207,143))
((240,176,144)(271,207,175))
((240,176,176)(271,207,207))
((240,176,208)(271,207,239))
((240,176,240)(271,207,271))
((240,176,272)(271,207,303))
((240,176,304)(271,207,335))
((272,176,112)(303,207,143))
((272,176,144)(303,207,175))
((272,176,176)(303,207,207))
((272,176,208)(303,207,239))
((272,176,240)(303,207,271))
((272,176,272)(303,207,303))
((272,176,304)(303,207,335))
((304,176,112)(335,207,143))
((304,176,144)(335,207,175))
((304,176,176)(335,207,207))
((304,176,208)(335,207,239))
((304,176,240)(335,207,271))
((304,176,272)(335,207,303))
((304,176,304)(335,207,335))
((112,208,112)(143,239,143))
((112,208,144)(143,239,175))
((112,208,176)(143,239,207))
((112,208,208)(143,239,239))
((112,208,240)(143,239,271))
((112,208,272)(143,239,303))
((112,208,304)(143,239,335))
((144,208,112)(175,239,143))
((144,208,144)(175,239,175))
((144,208,176)(175,239,207))
((144,208,208)(175,239,239))
((144,208,240)(175,239,271))
((144,208,272)(175,239,303))
((144,208,304)(175,239,335))
((176,208,112)(207,239,143))
((176,208,144)(207,239,175))
((176,208,176)(207,239,207))
((176,208,208)(207,239,239))
((176,208,240)(207,239,271))
((176,208,272)(207,239,303))
((176,208,304)(207,239,335))
((208,208,112)(239,239,143))
((208,208,144)(239,239,175))
((208,208,176)(239,239,207))
((208,208,208)(239,239,239))
((208,208,240)(239,239,271))
((208,208,272)(239,239,303))
((208,208,304)(239,239,335))
((240,208,112)(271,239,143))
((240,208,144)(271,239,175))
((240,208,176)(271,239,207))
((240,208,208)(271,239,239))
((240,208,240)(271,239,271))
((240,208,272)(271,239,303))
((240,208,304)(271,239,335))
((272,208,112)(303,239,143))
((272,208,144)(303,239,175))
((272,208,176)(303,239,207))
((272,208,208)(303,239,239))
((272,208,240)(303,239,271))
((272,208,272)(303,239,303))
((272,208,304)(303,239,335))
((304,208,112)(335,239,143))
((304,208,144)(335,239,175))
((304,208,176)(335,239,207))
((304,208,208)(335,239,239))
((304,208,240)(335,239,271))
((304,208,272)(335,239,303))
((304,208,304)(335,239,335))
((112,240,112)(143,271,143))
((112,240,144)(143,271,175))
((112,240,176)(143,271,207))
((112,240,208)(143,271,239))
((112,240,240)(143,271,271))
((112,240,272)(143,271,303))
((112,240,304)(143,271,335))
((144,240,112)(175,271,143))
((144,240,144)(175,271,175))
((144,240,176)(175,271,207))
((144,240,208)(175,271,239))
((144,240,240)(175,271,271))
((144,240,272)(175,271,303))
((144,240,304)(175,271,335))
((176,240,112)(207,271,143))
((176,240,144)(207,271,175))
((176,240,176)(207,271,207))
((176,240,208)(207,271,239))
((176,240,240)(207,271,271))
((176,240,272)(207,271,303))
((176,240,304)(207,271,335))
((208,240,112)(239,271,143))
((208,240,144)(239,271,175))
((208,240,176)(239,271,207))
((208,240,208)(239,271,239))
((208,240,240)(239,271,271))
((208,240,272)(239,271,303))
((208,240,304)(239,271,335))
((240,240,112)(271,271,143))
((240,240,144)(271,271,175))
((240,240,176)(271,271,207))
((240,240,208)(271,271,239))
((240,240,240)(271,271,271))
((240,240,272)(271,271,303))
((240,240,304)(271,271,335))
((272,240,112)(303,271,143))
((272,240,144)(303,271,175))
((272,240,176)(303,271,207))
((272,240,208)(303,271,239))
((272,240,240)(303,271,271))
((272,240,272)(303,271,303))
((272,240,304)(303,271,335))
((304,240,112)(335,271,143))
((304,240,144)(335,271,175))
((304,240,176)(335,271,207))
((304,240,208)(335,271,239))
((304,240,240)(335,271,271))
((304,240,272)(335,271,303))
((304,240,304)(335,271,335))
((112,272,112)(143,303,143))
((112,272,144)(143,303,175))
((112,272,176)(143,303,207))
((112,272,208)(143,303,239))
((112,272,240)(143,303,271))
((112,272,272)(143,303,303))
((112,272,304)(143,303,335))
((144,272,112)(175,303,143))
((144,272,144)(175,303,175))
((144,272,176)(175,303,207))
((144,272,208)(175,303,239))
((144,272,240)(175,303,271))
((144,272,272)(175,303,303))
((144,272,304)(175,303,335))
((176,272,112)(207,303,143))
((176,272,144)(207,303,175))
((176,272,176)(207,303,207))
((176,272,208)(207,303,239))
((176,272,240)(207,303,271))
((176,272,272)(207,303,303))
((176,272,304)(207,303,335))
((208,272,112)(239,303,143))
((208,272,144)(239,303,175))
((208,272,176)(239,303,207))
((208,272,208)(239,303,239))
((208,272,240)(239,303,271))
((208,272,272)(239,303,303))
((208,272,304)(239,303,335))
((240,272,112)(271,303,143))
((240,272,144)(271,303,175))
((240,272,176)(271,303,207))
((240,272,208)(271,303,239))
((240,272,240)(271,303,271))
((240,272,272)(271,303,303))
((240,272,304)(271,303,335))
((272,272,112)(303,303,143))
((272,272,144)(303,303,175))
((272,272,176)(303,303,207))
((272,272,208)(303,303,239))
((272,272,240)(303,303,271))
((272,272,272)(303,303,303))
((272,272,304)(303,303,335))
((304,272,112)(335,303,143))
((304,272,144)(335,303,175))
((304,272,176)(335,303,207))
((304,272,208)(335,303,239))
((304,272,240)(335,303,271))
((304,272,272)(335,303,303))
((304,272,304)(335,303,335))
((112,304,112)(143,335,143))
((112,304,144)(143,335,175))
((112,304,176)(143,335,207))
((112,304,208)(143,335,239))
((112,304,240)(143,335,271))
((112,304,272)(143,335,303))
((112,304,304)(143,335,335))
((144,304,112)(175,335,143))
((144,304,144)(175,335,175))
((144,304,176)(175,335,207))
((144,304,208)(175,335,239))
((144,304,240)(175,335,271))
((144,304,272)(175,335,303))
((144,304,304)(175,335,335))
((176,304,112)(207,335,143))
((176,304,144)(207,335,175))
((176,304,176)(207,335,207))
((176,304,208)(207,335,239))
((176,304,240)(207,335,271))
((176,304,272)(207,335,303))
((176,304,304)(207,335,335))
((208,304,112)(239,335,143))
((208,304,144)(239,335,175))
((208,304,176)(239,335,207))
((208,304,208)(239,335,239))
((208,304,240)(239,335,271))
((208,304,272)(239,335,303))
((208,304,304)(239,335,335))
((240,304,112)(271,335,143))
((240,304,144)(271,335,175))
((240,304,176)(271,335,207))
((240,304,208)(271,335,239))
((240,304,240)(271,335,271))
((240,304,272)(271,335,303))
((240,304,304)(271,335,335))
((272,304,112)(303,335,143))
((272,304,144)(303,335,175))
((272,304,176)(303,335,207))
((272,304,208)(303,335,239))
((272,304,240)(303,335,271))
((272,304,272)(303,335,303))
((272,304,304)(303,335,335))
((304,304,112)(335,335,143))
((304,304,144)(335,335,175))
((304,304,176)(335,335,207))
((304,304,208)(335,335,239))
((304,304,240)(335,335,271))
((304,304,272)(335,335,303))
((304,304,304)(335,335,335))
343
((336,336,336)(367,367,367))
((336,336,368)(367,367,399))
((336,336,400)(367,367,431))
((336,336,432)(367,367,463))
((336,336,464)(367,367,495))
((336,336,496)(367,367,527))
((336,336,528)(367,367,559))
((368,336,336)(399,367,367))
((368,336,368)(399,367,399))
((368,336,400)(399,367,431))
((368,336,432)(399,367,463))
((368,336,464)(399,367,495))
((368,336,496)(399,367,527))
((368,336,528)(399,367,559))
((400,336,336)(431,367,367))
((400,336,368)(431,367,399))
((400,336,400)(431,367,431))
((400,336,432)(431,367,463))
((400,336,464)(431,367,495))
((400,336,496)(431,367,527))
((400,336,528)(431,367,559))
((432,336,336)(463,367,367))
((432,336,368)(463,367,399))
((432,336,400)(463,367,431))
((432,336,432)(463,367,463))
((432,336,464)(463,367,495))
((432,336,496)(463,367,527))
((432,336,528)(463,367,559))
((464,336,336)(495,367,367))
((464,336,368)(495,367,399))
((464,336,400)(495,367,431))
((464,336,432)(495,367,463))
((464,336,464)(495,367,495))
((464,336,496)(495,367,527))
((464,336,528)(495,367,559))
((496,336,336)(527,367,367))
((496,336,368)(527,367,399))
((496,336,400)(527,367,431))
((496,336,432)(527,367,463))
((496,336,464)(527,367,495))
((496,336,496)(527,367,527))
((496,336,528)(527,367,559))
((528,336,336)(559,367,367))
((528,336,368)(559,367,399))
((528,336,400)(559,367,431))
((528,336,432)(559,367,463))
((528,336,464)(559,367,495))
((528,336,496)(559,367,527))
((528,336,528)(559,367,559))
((336,368,336)(367,399,367))
((336,368,368)(367,399,399))
((336,368,400)(367,399,431))
((336,368,432)(367,399,463))
((336,368,464)(367,399,495))
((336,368,496)(367,399,527))
((336,368,528)(367,399,559))
((368,368,336)(399,399,367))
((368,368,368)(399,399,399))
((368,368,400)(399,399,431))
((368,368,432)(399,399,463))
((368,368,464)(399,399,495))
((368,368,496)(399,399,527))
((368,368,528)(399,399,559))
((400,368,336)(431,399,367))
((400,368,368)(431,399,399))
((400,368,400)(431,399,431))
((400,368,432)(431,399,463))
((400,368,464)(431,399,495))
((400,368,496)(431,399,527))
((400,368,528)(431,399,559))
((432,368,336)(463,399,367))
((432,368,368)(463,399,399))
((432,368,400)(463,399,431))
((432,368,432)(463,399,463))
((432,368,464)(463,399,495))
((432,368,496)(463,399,527))
((432,368,528)(463,399,559))
((464,368,336)(495,399,367))
((464,368,368)(495,399,399))
((464,368,400)(495,399,431))
((464,368,432)(495,399,463))
((464,368,464)(495,399,495))
((464,368,496)(495,399,527))
((464,368,528)(495,399,559))
((496,368,336)(527,399,367))
((496,368,368)(527,399,399))
((496,368,400)(527,399,431))
((496,368,432)(527,399,463))
((496,368,464)(527,399,495))
((496,368,496)(527,399,527))
((496,368,528)(527,399,559))
((528,368,336)(559,399,367))
((528,368,368)(559,399,399))
((528,368,400)(559,399,431))
((528,368,432)(559,399,463))
((528,368,464)(559,399,495))
((528,368,496)(559,399,527))
((528,368,528)(559,399,559))
((336,400,336)(367,431,367))
((336,400,368)(367,431,399))
((336,400,400)(367,431,431))
((336,400,432)(367,431,463))
((336,400,464)(367,431,495))
((336,400,496)(367,431,527))
((336,400,528)(367,431,559))
((368,400,336)(399,431,367))
((368,400,368)(399,431,399))
((368,400,400)(399,431,431))
((368,400,432)(399,431,463))
((368,400,464)(399,431,495))
((368,400,496)(399,431,527))
((368,400,528)(399,431,559))
((400,400,336)(431,431,367))
((400,400,368)(431,431,399))
((400,400,400)(431,431,431))
((400,400,432)(431,431,463))
((400,400,464)(431,431,495))
((400,400,496)(431,431,527))
((400,400,528)(431,431,559))
((432,400,336)(463,431,367))
((432,400,368)(463,431,399))
((432,400,400)(463,431,431))
((432,400,432)(463,431,463))
((432,400,464)(463,431,495))
((432,400,496)(463,431,527))
((432,400,528)(463,431,559))
((464,400,336)(495,431,367))
((464,400,368)(495,431,399))
((464,400,400)(495,431,431))
((464,400,432)(495,431,463))
((464,400,464)(495,431,495))
((464,400,496)(495,431,527))
((464,400,528)(495,431,559))
((496,400,336)(527,431,367))
((496,400,368)(527,431,399))
((496,400,400)(527,431,431))
((496,400,432)(527,431,463))
((496,400,464)(527,431,495))
((496,400,496)(527,431,527))
((496,400,528)(527,431,559))
((528,400,336)(559,431,367))
((528,400,368)(559,431,399))
((528,400,400)(559,431,431))
((528,400,432)(559,431,463))
((528,400,464)(559,431,495))
((528,400,496)(559,431,527))
((528,400,528)(559,431,559))
((336,432,336)(367,463,367))
((336,432,368)(367,463,399))
((336,432,400)(367,463,431))
((336,432,432)(367,463,463))
((336,432,464)(367,463,495))
((336,432,496)(367,463,527))
((336,432,528)(367,463,559))
((368,432,336)(399,463,367))
((368,432,368)(399,463,399))
((368,432,400)(399,463,431))
((368,432,432)(399,463,463))
((368,432,464)(399,463,495))
((368,432,496)(399,463,527))
((368,432,528)(399,463,559))
((400,432,336)(431,463,367))
((400,432,368)(431,463,399))
((400,432,400)(431,463,431))
((400,432,432)(431,463,463))
((400,432,464)(431,463,495))
((400,432,496)(431,463,527))
((400,432,528)(431,463,559))
((432,432,336)(463,463,367))
((432,432,368)(463,463,399))
((432,432,400)(463,463,431))
((432,432,432)(463,463,463))
((432,432,464)(463,463,495))
((432,432,496)(463,463,527))
((432,432,528)(463,463,559))
((464,432,336)(495,463,367))
((464,432,368)(495,463,399))
((464,432,400)(495,463,431))
((464,432,432)(495,463,463))
((464,432,464)(495,463,495))
((464,432,496)(495,463,527))
((464,432,528)(495,463,559))
((496,432,336)(527,463,367))
((496,432,368)(527,463,399))
((496,432,400)(527,463,431))
((496,432,432)(527,463,463))
((496,432,464)(527,463,495))
((496,432,496)(527,463,527))
((496,432,528)(527,463,559))
((528,432,336)(559,463,367))
((528,432,368)(559,463,399))
((528,432,400)(559,463,431))
((528,432,432)(559,463,463))
((528,432,464)(559,463,495))
((528,432,496)(559,463,527))
((528,432,528)(559,463,559))
((336,464,336)(367,495,367))
((336,464,368)(367,495,399))
((336,464,400)(367,495,431))
((336,464,432)(367,495,463))
((336,464,464)(367,495,495))
((336,464,496)(367,495,527))
((336,464,528)(367,495,559))
((368,464,336)(399,495,367))
((368,464,368)(399,495,399))
((368,464,400)(399,495,431))
((368,464,432)(399,495,463))
((368,464,464)(399,495,495))
((368,464,496)(399,495,527))
((368,464,528)(399,495,559))
((400,464,336)(431,495,367))
((400,464,368)(431,495,399))
((400,464,400)(431,495,431))
((400,464,432)(431,495,463))
((400,464,464)(431,495,495))
((400,464,496)(431,495,527))
((400,464,528)(431,495,559))
((432,464,336)(463,495,367))
((432,464,368)(463,495,399))
((432,464,400)(463,495,431))
((432,464,432)(463,495,463))
((432,464,464)(463,495,495))
((432,464,496)(463,495,527))
((432,464,528)(463,495,559))
((464,464,336)(495,495,367))
((464,464,368)(495,495,399))
((464,464,400)(495,495,431))
((464,464,432)(495,495,463))
((464,464,464)(495,495,495))
((464,464,496)(495,495,527))
((464,464,528)(495,495,559))
((496,464,336)(527,495,367))
((496,464,368)(527,495,399))
((496,464,400)(527,495,431))
((496,464,432)(527,495,463))
((496,464,464)(527,495,495))
((496,464,496)(527,495,527))
((496,464,528)(527,495,559))
((528,464,336)(559,495,367))
((528,464,368)(559,495,399))
((528,464,400)(559,495,431))
((528,464,432)(559,495,463))
((528,464,464)(559,495,495))
((528,464,496)(559,495,527))
((528,464,528)(559,495,559))
((336,496,336)(367,527,367))
((336,496,368)(367,527,399))
((336,496,400)(367,527,431))
((336,496,432)(367,527,463))
((336,496,464)(367,527,495))
((336,496,496)(367,527,527))
((336,496,528)(367,527,559))
((368,496,336)(399,527,367))
((368,496,368)(399,527,399))
((368,496,400)(399,527,431))
((368,496,432)(399,527,463))
((368,496,464)(399,527,495))
((368,496,496)(399,527,527))
((368,496,528)(399,527,559))
((400,496,336)(431,527,367))
((400,496,368)(431,527,399))
((400,496,400)(431,527,431))
((400,496,432)(431,527,463))
((400,496,464)(431,527,495))
((400,496,496)(431,527,527))
((400,496,528)(431,527,559))
((432,496,336)(463,527,367))
((432,496,368)(463,527,399))
((432,496,400)(463,527,431))
((432,496,432)(463,527,463))
((432,496,464)(463,527,495))
((432,496,496)(463,527,527))
((432,496,528)(463,527,559))
((464,496,336)(495,527,367))
((464,496,368)(495,527,399))
((464,496,400)(495,527,431))
((464,496,432)(495,527,463))
((464,496,464)(495,527,495))
((464,496,496)(495,527,527))
((464,496,528)(495,527,559))
((496,496,336)(527,527,367))
((496,496,368)(527,527,399))
((496,496,400)(527,527,431))
((496,496,432)(527,527,463))
((496,496,464)(527,527,495))
((496,496,496)(527,527,527))
((496,496,528)(527,527,559))
((528,496,336)(559,527,367))
((528,496,368)(559,527,399))
((528,496,400)(559,527,431))
((528,496,432)(559,527,463))
((528,496,464)(559,527,495))
((528,496,496)(559,527,527))
((528,496,528)(559,527,559))
((336,528,336)(367,559,367))
((336,528,368)(367,559,399))
((336,528,400)(367,559,431))
((336,528,432)(367,559,463))
((336,528,464)(367,559,495))
((336,528,496)(367,559,527))
((336,528,528)(367,559,559))
((368,528,336)(399,559,367))
((368,528,368)(399,559,399))
((368,528,400)(399,559,431))
((368,528,432)(399,559,463))
((368,528,464)(399,559,495))
((368,528,496)(399,559,527))
((368,528,528)(399,559,559))
((400,528,336)(431,559,367))
((400,528,368)(431,559,399))
((400,528,400)(431,559,431))
((400,528,432)(431,559,463))
((400,528,464)(431,559,495))
((400,528,496)(431,559,527))
((400,528,528)(431,559,559))
((432,528,336)(463,559,367))
((432,528,368)(463,559,399))
((432,528,400)(463,559,431))
((432,528,432)(463,559,463))
((432,528,464)(463,559,495))
((432,528,496)(463,559,527))
((432,528,528)(463,559,559))
((464,528,336)(495,559,367))
((464,528,368)(495,559,399))
((464,528,400)(495,559,431))
((464,528,432)(495,559,463))
((464,528,464)(495,559,495))
((464,528,496)(495,559,527))
((464,528,528)(495,559,559))
((496,528,336)(527,559,367))
((496,528,368)(527,559,399))
((496,528,400)(527,559,431))
((496,528,432)(527,559,463))
((496,528,464)(527,559,495))
((496,528,496)(527,559,527))
((496,528,528)(527,559,559))
((528,528,336)(559,559,367))
((528,528,368)(559,559,399))
((528,528,400)(559,559,431))
((528,528,432)(559,559,463))
((528,528,464)(559,559,495))
((528,528,496)(559,559,527))
((528,528,528)(559,559,559))

