3
8
((80,80,80)(230,230,230))
((400,80,80)(550,230,230))
((80,400,80)(230,550,230))
((80,80,400)(230,230,550))
((400,400,80)(550,550,230))
((400,80,400)(550,230,550))
((80,400,400)(230,550,550))
((400,400,400)(550,550,550))
8
((240,240,240)(390,390,390))
((880,240,240)(1030,390,390))
((240,880,240)(390,1030,390))
((240,240,880)(390,390,1030))
((880,880,240)(1030,1030,390))
((880,240,880)(1030,390,1030))
((240,880,880)(390,1030,1030))
((880,880,880)(1030,1030,1030))
8
((560,560,560)(710,710,710))
((1840,560,560)(1990,710,710))
((560,1840,560)(710,1990,710))
((560,560,1840)(710,710,1990))
((1840,1840,560)(1990,1990,710))
((560,1840,1840)(710,1990,1990))
((1840,560,1840)(1990,710,1990))
((1840,1840,1840)(1990,1990,1990))
