3
8
((8,8,8)(23,23,23))
((40,8,8)(55,23,23))
((8,40,8)(23,55,23))
((8,8,40)(23,23,55))
((40,40,8)(55,55,23))
((40,8,40)(55,23,55))
((8,40,40)(23,55,55))
((40,40,40)(55,55,55))
8
((24,24,24)(39,39,39))
((88,24,24)(103,39,39))
((24,88,24)(39,103,39))
((24,24,88)(39,39,103))
((88,88,24)(103,103,39))
((88,24,88)(103,39,103))
((24,88,88)(39,103,103))
((88,88,88)(103,103,103))
8
((56,56,56)(71,71,71))
((184,56,56)(199,71,71))
((56,184,56)(71,199,71))
((56,56,184)(71,71,199))
((184,184,56)(199,199,71))
((56,184,184)(71,199,199))
((184,56,184)(199,71,199))
((184,184,184)(199,199,199))
